$ANSIBLE_VAULT;1.1;AES256
62313538656163663663643135333931366464633839653363353165303134626331653061383033
3132366135313333313930366639316530353862336666650a333763363239373538356534626435
63303731333166386533643066333966306666376635633939313966353766366261336538653764
3137623763316463320a373833643638393365613633623665306561363061326638646165633361
31613532633932346464663239316230663532376536366239373130353438313235623837633337
33646135313065613964386237666361363939393631613164326533393936633865383530616230
36653166656237343162616161383832336632343763383064643434373861396663316263353766
35363465636639303030323936616134376261386231393462383331366436653630316534376133
33316262356436323532646564623737363931316331386633633862323834396163313266373161
61643765393234663661316133646438366532383664323331313931386464376536623261623065
65343064323734376263366465616563326638656338616366343161393135616233663235313361
36333863616265646562373834373936303561643161666634363566396461333630356535373330
37663639323031656438316532313766316166353762613030623330626436613238393832366636
65353530633631326362643863666339663939376666383761383338643363646631613333326666
66613830353939393130313431646139636563656566623938356661306530303833303234386463
34613735623662323035343064313365643433343066363565336231323138393764383430643361
34626436323534666562323764366535646163313234306432663532393638623262666634306338
64373361323034346630313734653666623564663638613265376433373432363461636531356362
38626630303035666338313231363664366234656636653935616566616130306165326133663734
31326364303336623338373666663436386166653062646365303536303565616262623737386665
63336236346236366432326133316463373932306336393937356434306235633737613066343464
34353265653965326537343962313962363431326233396362363538333866623962386632303564
64613738616663313837323133663138656563323033386536393862333732333766333034363830
32326162313866636335313964626537626537363134353365643436383066333865316366376365
35616431396232386538616363623762633833643631353333633337323338656536663237363437
34306666613030346265383039666132343336626539646635613734303938333065323539653865
64323866376564353337323763633664613765306361306635333337343330396433306563383530
64396533643434353032643939653832353431643231323566663736306162623934396338306538
35353663633561323965396236616538313931653564633962333633383039333863376538633961
65623064346339643335653039353838626330393136356132656663356338343966323330343064
32373965363131373931353266616163343561623536643466356532316633353133616135373464
66633634396566643730376533646134333866643035323639323438303933386635303964383833
34353035336630653635396237613938666437343764663631623835383630386130613865313338
35313665393934303938623030613662303661393965666166303034616336323835303762663738
66373165333833373133626366383933636161386133653830343566653162623132346332306335
34333565326136666634346137623838383830613962333766356336383230343261636130666562
35616533306233363963643764353038376234656139636462336462393135353034316662623766
62326162306664353132373962613461396566613336663538666337653962366233376265303164
35656331643039663263636238356566366665336138643331336136346136303364313065396338
61303936356463393934373464303330333861396539376361343864373337393433613531303534
65636434363061363731396364353130666634633434656535343036353036653965643062653032
61366336386363353966633630326266356466323434376535313935343962643961393230396465
63313638303235626331383366326338663136656561306161313935393765633639623234666162
39623733333461323031336133313865666136363635353565333166316234393438633163303361
64636434643163643137353132646131363166616331313763303063663930666433636331373164
61373661363235633533653264363363613235656230386165613733396338653463313266663435
33323361343963386561623232383364643461346531353666376333303434616135353830326362
33333561613462343537653230346534663464626332643235613933303465333562666136313034
66646464616265346135396330353734373366643763613365653139633335623438636230306334
63343830663535303236636433656433313862303264346436663765343132323762323037663538
61363235666332316566656335323862613637643564323365633735343265613732356630646238
66623463393937383664303766303765376535623931333966346166343933313761636236383061
64333831363336346233396330333665376532616466633631316339616466653833663330386436
66363130326238613264643133626664636330383064366432653061356662383062383739306630
61666165383236613037343932353961613538636138663164663961643262326536633463653861
31653837333538343138313632363137396630626531303832333361663431373832313935363330
34313130633034633432336162626564373635363737623533623030613738666630383337643861
61386438653564386262373033386438326661303236613465303062393937363733623364646330
31313832383463346361353336613662643337633931316663653837663330643137393837343936
66623936363031393065303562373337643437316336316266333065333065653630636538643739
38636435393636623366646166653466646163343938643466616236663631303230306530393862
38613665303733656533356162396331356437633035346338396138353330373330323230306635
62376161376230346165613339623266343933396231323938333439393161646239663431653564
33623635393664323639386563353438616634346335383136363738623932326165393432346639
33633431326465643136643730393062663839646261393333646166613135643961663935336234
35366335646135633565323935336138336466376136313332376161396266343635646331363066
64616466353930656636613038386336323761643738366265636635326439623537633864323832
31643137616262636165336138626364336331346232353564623061386537306137613538633961
64366564306530313736303763343737396362343131336561613839636162356531353566303737
61326639616535393565663935386532666462373133343839376663633664313831643666633036
39383433666665393439616637373131656263636239393938616635626236323131336666656461
38363461323037366461336538366135643066646232613737353936623539313730326264326634
35306231323637623231366662636538383331333130333938656564366639663562306366386565
36396566353262336335653261313462663838336437613738303739396533643233343935326437
36366335666137303335326366383863373536306237656534613264353062386339653537623533
65306665386532663361363132623737616565343637636635613037653031306139616134333934
63346465393932616631336435366137326363386433373061663666376438616532383533373766
33653333353031303631616337633366326364663939366234643732376333613061306164313264
63656630613031353863656363363265316164336533373736323139323437393038656335303966
63356236396631363965626565303335363735346432663637386336323761343162643264333339
66313833376530626633313061393537386531303832326666663336613662313830353933323834
30313234333634613764643561393361313736303736643263383863323730326661636631613131
33386461356638616163386461373637636435393337376133666337656365313839656463633331
39323461623866313939316633323631613666663764373130396565376233666663656331353864
31373438353963386630653235363130386537616262653761386264393265313830326231323733
35653861666164643665653063356635393637633138343639663166343733393634373436633335
66303730663964633439333137613465343331356632653736626336646339386562366134623663
62303630356233326461303861343366623933626334366230363638353233303765643364383434
61353738633133616666313562353064653339656362656664646262323666393566363636663037
61623137663536306330623030616561333866333865386161376536313037616337643736306562
64623763353236636566666664323232313739626336663730383664633837356462643730616566
35356162396236653632643065653332666562613139656432303561396561343339626665313161
33316632663033376662613834616265373730353065666263633966303964353438316334373765
34383066663634656331343537323861653139616530336535376238613135393239643461356432
38643536383661623230383461366664326631623964636166383134343537653932333232386335
36623561386131613964656664306561333363353766303765343237376165383566343132346231
65643661613534363733666134363965313131633039396138343337663235376439626438306130
32666530643436313634393836366433373035343635303536633036616332353133643033356364
34633537613562306136616232363534393566663330343638326530666563323666336662363530
33363634656163306335643431363332653339386264333030336635313461663830643166366466
30373139663534393739643539313938316536323164306265303661333930393761333762326532
63323534343365373363396435313830323362393634343166353932396634376534396335666137
63353635376137336637336364323234626231623666363339626662623835356339356466346137
31323235373364393861663661336132303835343763386635343430663264666537656333633034
62353763356162643139613134386430663631316532623234353934626534346434383534333461
33353530356237396638643331653163313631353339666436666462376634346136613461656637
36343963313039623861353839666461343337653432303739663862353236393464643735383738
62313738616135313937356462663737333463316161333639343639383537353838616130333731
66353337626663323261386639663666366135363366373561336437333466666533643736623738
62353836353365616566376532336566613134613131653764393839643063663666393939383832
37393930626331383330663636333762656436326362363532306463386330386336353863393536
65643539373832653665326233356565623963643761623734366432643163316531333835393366
35373335333138323330316464396337303136646265343734346130623933646630313166356234
66653830626263653965346664366535316164623738633137373738646263613466336365636363
37643463353530313035306536376635383035306238353134633836343865626537396634383039
37396161623339356466396135646436313035376131336266353861623862313835303963653038
64323337636231626231333164383336643938666236333765666633656335666564306234353364
61323765633963393935393931353562353461306266353365356339623334656536343330306439
35306631623838356238373331366166326566636439616264326233666139653238326563336534
65353632636136383436656434323238656231306334363936643064366265653637383561623565
33626535643630333330356263303565303539613661613266383165653961386239326335376438
37366330646536633864353166366330633631343065646461383132333039353763633338333538
34353634623564306666383862353230393634303035366337303561626133656538613132353334
39666136303161653030376563663565313663386633313838383337636231386337646230623234
61623835666238313066626638633634363536306133383637666639626431386335623333656430
32343662366532343932316265333031666535663736623431643966346464633237636539396331
62386332643833326239386463623537346361663234353363323064356433643662646132376436
31623539373665646436626639396332633664623933323932373037363738623965376135636662
34663561383563343963393966623232333934643137616466323137373039383136646136633564
30326135356531623536633761643261633337303966303333393330333761346633613934323239
30373232346336313931646531303133373830373236616664306334353737663262653364376462
33376161323863616262313533356432613931366331316634363330643230356161636137336661
39333836303961336232306464613462633864326636643232616630383230643665663433663764
33383866303062663965633739306136383136333564636262343333303130633365613532383633
38666334373263333864376463626432303632346132363335396462656462363866366261316135
30313539663332626463656635346166626531646636316239373937666137666431663832373564
61383835383265363234643063336663393037653563353736396564343834343332353064303534
66663330656631313931636139393965643161633338376533643965326363366233353131653539
65613334343765613465313864366536326662653865343030323634303166326138353434376562
61383735373765306132353231316437383431353930336235363030396330666564363864326636
35353232326234366366333138363930666539326566396539616535623233616236623034383562
37353566613436336132373461656439646561353331373530623534343736333033633039363033
65636465363836363938336466323036663631343964626237303263323637643236653764383862
34313735313839356366666139363237393664653134643939646339613535303561313132323035
38396236346362366465303834633232623432636464343034383663616535343462636636336263
35373331616635323234646561663538393639653637383532666364313164386633653438343230
61333966333731336131303266373431323037656339323166653165666362613264343039303539
31656634303534376436333137386531303534653162376139623062666534633666306435343233
66633531373333343938313731646437306239656330393534623031643639386463326336636363
38613963376261663235393062613463313766363837663966633332633864313431303733326437
33653830643365643231353535363361386463363763333531356565633536303034393230656336
30363961356630646234616362313436316235653462653764633436373530373664393131643932
66306333306237386339613535663561326234366363343132336436316334643861323038623636
31613563656537356161326465396532353637383235366466386135326466326434363765616639
64383638393733323832373062383932643133383036383661613166383961366233303061613832
32633736663334353132373564393533666131323430313561393962323163613564613836623137
65616264383364623561383231313162326438343964343063666261313365326636626132306665
63353436343333303566613035393535666662346362623962383036383437366566383730346330
32376366616338323539356137663963353434663634356537346339643438313039383265666137
33636266363038383464656465323864613032343531306535666566393837386332663732653666
32313064313461643535363439363539643563316465653334646634383539626230376335383430
33313936383135303933613963376330303233663939393564333037363631346631663164393262
64323733346464346261653465366134316464353031343434616330626161323536323934346438
35636536373834303736663261326635626161643061326432343637616130363236363332663565
33626537616239616234326164663932386538353531363537326637336662653337343363393635
36373933346639353032353033653433666532633364383263636535626130643534613961323735
38616537336331646333346563353066373662383265626638373339333639353239313136306663
62376465613338653539663431333365383734396234653133643365373834366163393263643261
37613462666238666437646434633134656631633963653036336336326233643162366530313937
37313965373666326434623762323932336534623833663539366232666630636630333435376637
63613364373337386135333164333061623366393361666134653235323466653532383835353262
32303163366434316464666633366232396137366235313432303461373864346339336534666465
6166
