$ANSIBLE_VAULT;1.1;AES256
35646137373465393163353730663036626139663463643735303061373133663834366138333465
3335623765336639643438356466383731343561646632610a663966323462363162626561613432
36333631346430383462346362373065616539343235633134353464656231346135633739353661
3737656234386532320a353631303761303832396534616531333362353561613236643861356330
65376539356566366436636238326164343465336537626166383335363030643433373162366636
66333830656664646562663632363362393264653733356433303839623337346430356330636537
66653834303365653335336437343230636339346336653839366534313161383263376363643936
31393232306362393937656164346464313933663734653966303039643138616566323537383137
33373135336561623739363966376165346539643632643633633432633961383439626136356466
61636565323531353631393534666539663036303862373266616461356163663530623735323466
30336337343663303731316239393336393234633630313865343232643263653937663633636664
30346335623832393037366363343732383737636335343430373064366464326637356535646538
64386638346362656236343331313630653630386265393966316432623530353131633932633934
37353833313462643730653837643163353264653135386236366330643934336236623233663165
36633335663333313966653539353135326138646463303361333132666363376333343137303638
62323464353863386463373732353230333966633061383633313566326135353232386235343463
34643030346238306636356663353139303733623563653564313334353239316632626534663330
65633064353465343965366465653364376666363237313836356464613864383262393736383464
36636465333530646339633465393136383438383637633836323539646234633537633138613339
31636164663534313530633566643833396434663262326233633735303332626631353063336231
64373765656130653563393732383461326238336665653665613938336664646464356334353465
34353630316335633336663632333939376462386362623563386433643437356263363266383131
33393561333832343561653939316264613438353965333838616330633733306639356531316263
62623033373063613066653262626137653933653934386639656238626236363864386566363361
64323862643866366237356338333661316163666638333235343639383439613963343166663630
30646538363536323161663865643138613331613962366165393233663936393239393938616530
63666435646337633663623466373937623439363166326462343362363864646365663033353932
36333633376539356538366665373865323332656535653561336338373962376264326435663533
64336537613735633231613435643066306334663730303835306238656631333462613934633663
36653432346165333535366666396364623263386437386661383432393836383038623838353030
31373238313965316261616531326564356337376264663835336361646664356164383330373064
38353135653430393033303934653636366138376266363837373239333438343636653839393064
31653061666363656533326166666563666130376136666464343061323563326631386432303031
38653636643264363234653461363339623932373433633562633737386566303336656431383661
31653163666232356135346337626166323063616433646435343932666233303831623361616631
39346261613633356338366531366337366335663032326332316333313731633364396637373234
37396262333461386465663062313365643135336532613731663464633536623631333263383033
64366166326662393031646164366636333532616261636633633137663666343365376530316335
39373965353839393639663234373630303339353964633666386664653234363939613834383462
30363838363130643631643363613962663630636232376234336263643332623832613061633662
66353961656636346139633037653330353961313938643037306536613263616338643166343536
39326635373965623561626531396161656330343535633665323738383762656636636430333134
39623262353132653933653137303534383834653433313063666363306662353961373334343764
65626535396538393364356335393139623537306238393864363636313232326235343330356238
66633632333835353138626264623733386533643036653632353064383537323263373265353266
61323766373535653636396366633631623035633666666432663037343465626435393837653339
316237316566616665393236646538313164
