$ANSIBLE_VAULT;1.1;AES256
36333739313635393231353935316437353666356265323632346462396463343733373766613066
3438646638343765303732303837303734353862346530660a353435616238393263336631336130
33363430303138646163373039623062636637646461373238636464333866303037616266333934
3239373464663237310a376633643839343034653034663536353639386532343661656163323837
65373661643761306163663939623238636462353935646134613734636439366565333562616161
35333063616435623431636234626466653936613165623962383663333033626633353536313536
63366633393565306464616632356334363839326535633363373765303836303336643032613038
62643739613862373665306436313639616235333938356631353432623865663537386161323834
36396430356139656230373135666464626231656566376138376162663236306539346535653131
64643232653635303063633532643032663061383665353836303539613062383436306464323934
35663139616638666132313466323630353961613835343362346661653230636366373530653466
37666339633134656561316134326139386666376436336166373537313730306361363461363939
37666262383562353061373630396133663331313138633837323034303564366339316139343731
38663366333166336536306631313565383430653639376363303961353265663564323233643235
62666638363439613731306536316464386666333062666532383332356464306638613664353830
30616431656532383632316436383862616133383234663463386465386665616239373437653839
35383363353632376561613435613265343361303264666634336139653261376264653132373630
37383537323865373161393237363833663930376166376263626236653061356333666463643239
66333961323962613639313730343339353463383535346666326237666432663235653131303961
66353936333036626135326230643339616161623561656566343239393334353133393561653461
36316130373765613731316131323939316262393836353934313137316138613532323766616130
32386666353830663264383231326438626565663635383863663265386630376331386236653265
32316337326337666236653737656163356265343638353432643534643863643265613333363935
38626162303662653963306434303662346566643830656661393562613533303238363533323138
6166
