$ANSIBLE_VAULT;1.1;AES256
61383231346166343833303338663462363365333930326437623031373530333033303739616434
6363623437306134383735626330653965633564366133350a306539656564326431383933336134
31383363656534393434316637653464303533616338626132376134333531663662366638663533
3861656132336632640a326463346165303735346235336363663933353932333538313532386637
38633534336461623430363964613564343666376662383938376538623831656339656436323236
30373932393638383830303264663739306461336432323666666334666332636130383136663265
64333530626563633633333831393632346334343434346365626233326566666333306262663131
35336466383661366365393062336439393161353436353062356432366361333037663564393037
36363435623135333134623338313035646437616438613935343237323739383834636230623231
36373065663462366564313637383465346464333635303664353463393437653532386136386464
38343263666533353233386438376132343164323663383962616538643935326531303837356232
39633037346431623961643566653238303530336534316164396133663937393033316332326462
33636231626562653063623238363537633363323136393634356564376462626139646233643864
65303139633637623632386262396635643437356563383963363966376363643034323263666430
39353265633536383664363563343162323738336662383032386436663131636232393164656532
62653832623266653735646232313766333333393938356630663863313362383263306530323462
61623932646562643863373530666363343764316335323661303563313265373837336662353638
6536346433333533366130613832363034303336666261383036
